14
-1 6 32 12 1 42 29 99 50 68 38 80 64 67 
87 -1 30 46 91 89 68 23 27 1 40 56 57 82 
17 14 -1 13 41 88 60 9 76 54 67 69 29 94 
30 37 97 -1 30 64 90 75 27 47 91 83 53 47 
9 79 12 88 -1 24 91 65 29 90 86 66 100 34 
20 8 51 8 40 -1 52 89 6 36 22 92 87 49 
7 11 12 47 66 22 -1 77 52 71 29 17 91 19 
25 46 90 55 51 32 52 -1 99 44 44 70 95 80 
1 38 100 50 56 55 89 73 -1 42 64 52 88 15 
47 52 96 99 25 16 59 86 96 -1 29 79 96 23 
61 71 82 15 60 48 78 91 71 71 -1 70 10 93 
31 97 77 46 95 59 67 19 80 14 2 -1 95 26 
83 17 14 42 35 48 96 46 54 41 40 13 -1 70 
62 79 10 49 88 62 57 43 51 4 36 42 41 -1 
