13
-1 10 22 77 32 77 70 86 99 6 60 98 34 
65 -1 62 48 62 10 28 26 74 40 13 80 97 
96 37 -1 53 74 18 93 35 56 54 9 81 6 
26 97 58 -1 44 50 9 12 93 15 92 18 37 
45 62 56 14 -1 11 21 33 18 50 85 43 32 
72 41 79 86 87 -1 95 47 31 99 2 46 81 
38 61 82 81 70 54 -1 21 97 93 74 51 23 
61 15 15 46 27 56 36 -1 39 64 82 74 97 
70 16 87 69 65 41 52 2 -1 46 95 75 97 
99 42 50 77 85 77 64 38 40 -1 51 90 1 
12 1 33 47 6 93 38 13 61 92 -1 13 29 
41 89 88 89 36 36 45 42 51 77 38 -1 51 
22 43 33 39 47 37 98 92 76 61 58 68 -1 
