15
-1 81 18 89 5 31 91 15 39 95 85 52 98 68 44 
81 -1 20 31 74 82 41 50 14 8 98 87 84 51 87 
18 20 -1 68 73 68 18 13 94 64 1 13 76 52 94 
89 31 68 -1 38 80 17 28 24 5 76 64 50 83 2 
5 74 73 38 -1 15 65 43 86 54 68 48 18 5 53 
31 82 68 80 15 -1 2 20 60 30 90 89 24 41 66 
91 41 18 17 65 2 -1 45 52 25 50 5 73 81 83 
15 50 13 28 43 20 45 -1 48 39 78 43 74 17 20 
39 14 94 24 86 60 52 48 -1 43 84 20 53 62 7 
95 8 64 5 54 30 25 39 43 -1 26 43 80 18 5 
85 98 1 76 68 90 50 78 84 26 -1 26 60 76 90 
52 87 13 64 48 89 5 43 20 43 26 -1 29 48 28 
98 84 76 50 18 24 73 74 53 80 60 29 -1 55 56 
68 51 52 83 5 41 81 17 62 18 76 48 55 -1 89 
44 87 94 2 53 66 83 20 7 5 90 28 56 89 -1 
