13
-1 67 67 69 26 95 58 30 96 26 46 66 70 
67 -1 90 5 78 55 56 62 77 81 24 83 92 
67 90 -1 60 2 21 42 97 95 51 57 16 43 
69 5 60 -1 86 30 40 3 64 74 49 62 69 
26 78 2 86 -1 8 83 60 33 93 78 37 78 
95 55 21 30 8 -1 100 89 53 2 82 84 48 
58 56 42 40 83 100 -1 44 42 45 5 56 94 
30 62 97 3 60 89 44 -1 9 51 50 57 14 
96 77 95 64 33 53 42 9 -1 36 85 31 92 
26 81 51 74 93 2 45 51 36 -1 63 2 8 
46 24 57 49 78 82 5 50 85 63 -1 25 35 
66 83 16 62 37 84 56 57 31 2 25 -1 30 
70 92 43 69 78 48 94 14 92 8 35 30 -1 
