15
-1 58 71 79 33 45 89 62 44 14 25 13 74 50 16 
68 -1 67 35 18 63 84 90 49 28 44 11 19 83 84 
80 57 -1 47 24 55 75 64 34 7 97 4 85 80 77 
86 48 52 -1 61 41 21 52 76 6 17 36 61 47 72 
8 31 100 2 -1 25 88 21 33 91 10 33 50 15 5 
84 79 15 40 21 -1 65 1 60 79 71 33 67 68 69 
15 39 66 67 83 97 -1 29 72 75 45 27 11 87 4 
54 25 74 27 64 1 52 -1 34 29 70 61 52 65 38 
62 19 22 98 96 73 11 96 -1 53 58 39 23 54 42 
45 20 7 41 46 40 52 95 53 -1 85 54 82 90 14 
44 23 71 56 70 13 55 18 42 49 -1 20 42 4 49 
80 26 26 35 77 49 57 28 1 91 32 -1 80 100 12 
40 52 57 25 67 47 44 28 41 12 51 52 -1 29 19 
52 18 6 54 68 90 63 30 78 17 49 99 78 -1 80 
15 70 97 38 30 20 3 39 25 99 55 15 16 48 -1 
