14
-1 71 80 63 55 87 70 62 25 51 47 89 73 94 
71 -1 68 32 79 27 70 28 34 92 47 22 90 17 
80 68 -1 99 84 83 15 91 50 39 36 10 52 35 
63 32 99 -1 41 65 74 53 32 15 81 59 86 63 
55 79 84 41 -1 4 53 64 37 76 6 42 69 99 
87 27 83 65 4 -1 87 33 76 16 41 53 84 37 
70 70 15 74 53 87 -1 16 73 63 31 61 66 25 
62 28 91 53 64 33 16 -1 70 18 66 3 78 80 
25 34 50 32 37 76 73 70 -1 58 75 93 45 37 
51 92 39 15 76 16 63 18 58 -1 49 33 1 16 
47 47 36 81 6 41 31 66 75 49 -1 39 10 42 
89 22 10 59 42 53 61 3 93 33 39 -1 18 8 
73 90 52 86 69 84 66 78 45 1 10 18 -1 26 
94 17 35 63 99 37 25 80 37 16 42 8 26 -1 
